$ANSIBLE_VAULT;1.1;AES256
63346336626238386336646566643239636535643736623363313931633030633462376536353939
6531356361323238343135343465313432666536633430300a303561643963316632623563613865
38356561653663393938373866626264326461373764653530383639383135613064313566333033
3634643730633235320a633532303163613363313639633530343466616365643535653835633636
64643237616333353730363939383132663064326634353663326431326530363031656331383763
35633363346137373564333965373931353032393531663533613965383662623337633337363834
30336666333135323839643731386330386464346538636138356435373333383733306336303539
34663533323962353630313862343364306331333439316239356231306434633532346433316330
37646335653533643866393464363066383938336236633961363235313535346136303034313662
31333137373633663132333832393530656138363337653762393335353464663864383731626131
31386532653030626539663264653338323865393632343036333931613235613364623435636338
62636566666666373837623263346361306531653662373433626164653139623566626330633538
30346364333336653336323231366434316163343839623365626533353539313665343036633430
65633264396266636230663939386363366461353662356661643664373830366130373235343331
36656531346165373337336663386665323563363538396532626437643937643637663736623266
32646362353963663464363231356165303239383336396433393063613761326237393965663531
31383637333962613238646332666361326239353765313663336139306566643563643432663332
63626630306563376464346430356135346465616139323534336332656363633236396634313039
65623964323064396435643331333965353533386630336131383735653036383638653338373033
33333230346431353732373338306632346237616465626464656530323937666335303234316666
34303061343663326337373966383835653664646362626663343165303363633232626437653963
36326661616666653363653136386265653439613565343531643333383663666637666665363364
30376434386365366263396434353966616139363662616130343564636133326138643034333632
34666263346161373632626233663963346663393966336239363566303738316432356363653137
35656135383031333765363631363863346435396235616238626434393965613063623031386162
36386162373535343965333438323864313535396561336662313037646333346361323437316637
30303236343439376364646335303933326666353637313762393036373161636432323533633166
31396134656131623961383364356437393063323836393264316232636638663332626138323734
32303834656630326166353436363437343338383565393461663335393331623662323635336463
62303636323634666230303632346239613963633239623864313262316637393731653236356132
33356463633635616431306232303332633964343831326262356262396133343064636436343130
33613533326434646330353262343761663132373362356563366261306439643630336134313035
39613465663234616163376365613632303231616565376230326130303737643065636334386565
61313135653536613161383164396661346630303964356333333936626363353630633634663335
373663623234663937653765303733316463
